t0	0		topt		tminus		topt		topt		topt
O	2		2		2		0		1		2
					
D+	*********************************************************************************************					
chi	12,0						18,2		14,1	
f(0)	0,707						0,731		0,718
a0	0,707(14)	0,744(11)	0,714(37)	0,731(9)	0,739(10)
a1	-1,356(685)	-0,071(324)	1,22(1,17)	-		-0,421(207)
a2	-12,58(8,81)	-12,56(8,78)	-12,67(8,90)	-		-


D0	*********************************************************************************************
chi			2,9
f			0,725		
a0			0,744(7)	
a1			-0,775(257)	
a2			7,876(6,691)		
